<?xml version="1.0" standalone="no"?>
<!DOCTYPE svg PUBLIC "-//W3C//DTD SVG 20010904//EN"
 "http://www.w3.org/TR/2001/REC-SVG-20010904/DTD/svg10.dtd">
<svg version="1.0" xmlns="http://www.w3.org/2000/svg"
 width="2480.000000pt" height="3508.000000pt" viewBox="0 0 2480.000000 3508.000000"
 preserveAspectRatio="xMidYMid meet">
<metadata>
Created by potrace 1.16, written by Peter Selinger 2001-2019
</metadata>
<g transform="translate(0.000000,3508.000000) scale(0.100000,-0.100000)"
fill="#000000" stroke="none">
<path d="M6474 34264 c-56 -27 -96 -78 -101 -128 -5 -42 -8 -45 -37 -48 -23
-2 -31 -8 -31 -23 0 -15 8 -21 33 -23 l32 -3 0 -85 0 -84 -1421 0 -1421 0 6
25 c15 61 -69 306 -111 322 -21 8 -79 -53 -111 -117 -23 -47 -27 -68 -27 -142
l0 -88 -168 0 c-131 0 -168 -3 -165 -12 4 -10 49 -14 171 -16 l167 -2 6 -28
c3 -15 12 -49 19 -75 21 -75 16 -77 -191 -77 -109 0 -174 -4 -174 -10 0 -6 62
-10 165 -10 l166 0 -52 -67 c-28 -37 -56 -77 -62 -90 -9 -21 -17 -23 -110 -25
-69 -2 -102 -7 -105 -15 -3 -10 20 -13 92 -13 l96 0 -7 -27 c-5 -16 -8 -56 -8
-90 l0 -62 -85 -3 c-112 -4 -107 -22 8 -26 l87 -3 29 -55 c16 -30 47 -71 69
-89 l41 -35 -163 0 c-126 0 -162 -3 -159 -12 4 -10 67 -14 261 -16 l257 -2 0
-75 c0 -88 -15 -131 -59 -168 -43 -36 -99 -37 -138 -2 -27 23 -27 24 -6 25 35
0 53 11 69 42 40 78 -58 154 -129 98 -49 -39 -42 -116 16 -178 60 -63 152 -65
218 -5 47 42 69 105 69 195 l0 68 625 0 625 0 0 -100 0 -100 1600 0 1600 0 0
100 0 100 242 2 c182 2 242 6 246 16 3 9 -50 12 -242 12 l-246 0 0 90 0 90
243 2 c153 2 242 7 242 13 0 6 -89 11 -242 13 l-243 2 0 90 0 90 246 0 c192 0
245 3 242 13 -4 9 -64 13 -246 15 l-242 2 0 90 0 90 245 0 c157 0 245 4 245
10 0 6 -88 10 -245 10 l-245 0 0 90 0 90 242 2 c182 2 242 6 246 16 3 9 -50
12 -242 12 l-246 0 0 85 0 84 153 3 c144 3 152 4 152 23 0 18 -8 20 -69 23
l-69 3 32 33 c69 72 44 156 -47 156 -88 0 -171 -66 -179 -144 -5 -42 -8 -45
-37 -48 -23 -2 -31 -8 -31 -23 0 -15 8 -21 33 -23 l32 -3 0 -85 0 -84 -245 0
-245 0 0 85 0 84 153 3 c144 3 152 4 152 23 0 18 -8 20 -69 23 l-69 3 32 33
c69 72 44 156 -47 156 -88 0 -171 -66 -179 -144 -5 -42 -8 -45 -37 -48 -23 -2
-31 -8 -31 -23 0 -15 8 -21 33 -23 l32 -3 0 -85 0 -84 -245 0 -245 0 0 85 0
84 153 3 c144 3 152 4 152 23 0 18 -8 20 -69 23 l-69 3 32 33 c69 72 44 156
-47 156 -88 0 -171 -66 -179 -144 -5 -42 -8 -45 -37 -48 -23 -2 -31 -8 -31
-23 0 -15 8 -21 33 -23 l32 -3 0 -85 0 -84 -245 0 -245 0 0 85 0 84 153 3
c144 3 152 4 152 23 0 18 -8 20 -69 23 l-69 3 32 33 c70 72 44 156 -48 156
-25 0 -60 -7 -77 -16z m-3004 -266 c0 -42 -4 -88 -10 -102 -9 -24 -14 -26 -70
-26 l-60 0 0 38 c1 54 31 113 81 155 53 46 59 39 59 -65z m-40 -166 c0 -11
-55 -88 -69 -96 -10 -7 -16 8 -27 67 l-6 37 51 0 c28 0 51 -4 51 -8z m2940
-82 l0 -90 -1470 0 c-808 0 -1470 2 -1470 5 0 3 16 28 34 56 19 27 41 65 47
84 l13 35 1423 0 1423 0 0 -90z m520 0 l0 -90 -245 0 -245 0 0 90 0 90 245 0
245 0 0 -90z m520 0 l0 -90 -245 0 -245 0 0 90 0 90 245 0 245 0 0 -90z m520
0 l0 -90 -245 0 -245 0 0 90 0 90 245 0 245 0 0 -90z m-3880 -149 c-25 -26
-42 -57 -51 -90 l-13 -51 -277 0 -278 0 -15 53 c-25 87 -28 105 -21 116 4 8
119 11 349 11 l343 0 -37 -39z m226 9 c12 -11 10 -15 -16 -31 -41 -25 -44 -71
-8 -101 20 -17 18 -18 -61 -18 l-81 0 0 63 c0 35 6 71 13 80 25 35 114 39 153
7z m530 -9 c-32 -33 -40 -48 -44 -90 l-5 -51 -230 0 c-212 0 -230 1 -209 16
37 26 28 88 -21 142 l-20 22 283 0 284 0 -38 -39z m520 0 c-32 -33 -40 -48
-44 -90 l-5 -51 -168 0 -168 0 42 39 c39 36 42 44 42 90 l0 51 170 0 169 0
-38 -39z m520 0 c-32 -33 -40 -48 -44 -90 l-5 -51 -168 0 -168 0 42 39 c39 36
42 44 42 90 l0 51 170 0 169 0 -38 -39z m524 -51 l0 -90 -195 0 -194 0 42 39
c39 36 42 44 42 90 l0 51 153 0 152 0 0 -90z m520 0 l0 -90 -245 0 -245 0 0
90 0 90 245 0 245 0 0 -90z m520 0 l0 -90 -245 0 -245 0 0 90 0 90 245 0 245
0 0 -90z m520 0 l0 -90 -245 0 -245 0 0 90 0 90 245 0 245 0 0 -90z m-4545
-57 l7 -33 -67 0 c-75 0 -76 1 -9 79 l38 44 12 -29 c6 -16 15 -44 19 -61z
m-70 -96 c-30 -30 -55 -88 -55 -129 0 -14 -9 -18 -41 -18 l-41 0 7 43 c4 23
16 63 27 90 l20 47 58 0 58 0 -33 -33z m675 16 c0 -39 23 -95 52 -128 l30 -35
-210 0 -209 0 -7 40 c-5 30 -19 54 -54 90 l-48 50 223 0 c206 0 223 -1 223
-17z m770 -73 l0 -90 -235 0 -235 0 24 38 c28 43 41 82 28 82 -5 0 -15 -14
-22 -31 -7 -17 -26 -44 -42 -60 -25 -25 -37 -29 -83 -29 -71 0 -85 19 -85 112
l0 68 325 0 325 0 0 -90z m520 0 l0 -90 -245 0 -245 0 0 90 0 90 245 0 245 0
0 -90z m520 0 l0 -90 -245 0 -245 0 0 90 0 90 245 0 245 0 0 -90z m570 0 l0
-90 -270 0 -270 0 0 90 0 90 270 0 270 0 0 -90z m520 0 l0 -90 -245 0 -245 0
0 90 0 90 245 0 245 0 0 -90z m520 0 l0 -90 -245 0 -245 0 0 90 0 90 245 0
245 0 0 -90z m520 0 l0 -90 -245 0 -245 0 0 90 0 90 245 0 245 0 0 -90z
m-4503 -40 l10 -50 -63 0 c-35 0 -64 2 -64 4 0 23 28 70 49 81 46 25 57 20 68
-35z m122 3 l46 -48 -59 -3 c-32 -2 -60 -2 -61 0 -2 2 -6 24 -10 51 -7 44 -6
47 15 47 14 0 41 -19 69 -47z m-264 -102 c3 -11 22 -34 41 -51 28 -24 39 -28
50 -20 11 10 7 18 -24 48 l-37 37 54 3 c29 2 59 1 66 -2 7 -2 16 -31 19 -63 4
-32 10 -68 13 -80 5 -22 2 -23 -54 -23 -101 0 -199 64 -218 143 -7 26 -6 27
38 27 36 0 47 -4 52 -19z m307 -20 c-3 -43 -27 -84 -62 -104 l-27 -17 -7 57
c-4 32 -9 68 -13 81 -5 22 -4 23 53 20 l59 -3 -3 -34z m1168 -51 l0 -90 -605
0 -605 0 39 39 c21 21 44 56 51 77 6 22 13 45 15 52 4 9 123 12 555 12 l550 0
0 -90z m520 20 l0 -70 -245 0 -245 0 0 70 0 70 245 0 245 0 0 -70z m520 0 l0
-70 -245 0 -245 0 0 70 0 70 245 0 245 0 0 -70z m570 0 l0 -70 -270 0 -270 0
0 70 0 70 270 0 270 0 0 -70z m520 0 l0 -70 -245 0 -245 0 0 70 0 70 245 0
245 0 0 -70z m520 0 l0 -70 -245 0 -245 0 0 70 0 70 245 0 245 0 0 -70z m520
0 l0 -70 -245 0 -245 0 0 70 0 70 245 0 245 0 0 -70z m-2650 -210 l0 -30 -245
0 -245 0 0 30 0 30 245 0 245 0 0 -30z m520 0 l0 -30 -245 0 -245 0 0 30 0 30
245 0 245 0 0 -30z m570 0 l0 -30 -270 0 -270 0 0 30 0 30 270 0 270 0 0 -30z
m520 0 l0 -30 -245 0 -245 0 0 30 0 30 245 0 245 0 0 -30z m520 0 l0 -30 -245
0 -245 0 0 30 0 30 245 0 245 0 0 -30z m520 0 l0 -30 -245 0 -245 0 0 30 0 30
245 0 245 0 0 -30z"/>
<path d="M6305 32681 c-19 -39 -11 -55 11 -23 12 18 25 22 64 22 l49 0 -54
-79 c-66 -95 -79 -125 -61 -140 17 -14 29 0 45 49 6 20 31 71 56 115 25 43 45
81 45 84 0 3 -31 6 -69 6 -69 0 -70 0 -86 -34z"/>
<path d="M10243 1133 c-29 -6 -30 -23 -2 -23 20 0 21 -3 17 -160 -1 -88 0
-160 4 -160 4 0 11 7 16 16 8 15 12 15 42 -1 55 -28 109 -3 131 62 30 93 -48
183 -123 140 l-28 -16 0 74 c0 81 1 79 -57 68z m156 -169 c24 -54 6 -138 -32
-150 -49 -16 -86 84 -56 150 19 42 69 41 88 0z"/>
<path d="M11323 1133 c-28 -5 -30 -23 -3 -23 19 0 20 -7 20 -145 0 -138 -1
-145 -20 -145 -11 0 -20 -4 -20 -10 0 -6 27 -10 60 -10 58 0 80 12 40 23 -19
5 -20 14 -20 161 0 170 4 161 -57 149z"/>
<path d="M12603 1133 c-28 -5 -30 -23 -3 -23 18 0 20 -7 20 -54 l0 -54 -28 10
c-62 24 -110 -15 -119 -95 -7 -56 15 -100 58 -117 28 -12 36 -11 60 3 16 9 29
12 29 7 0 -6 18 -10 40 -10 22 0 40 5 40 10 0 6 -7 10 -15 10 -13 0 -15 24
-15 160 0 178 5 167 -67 153z m7 -162 c15 -29 12 -104 -6 -129 -35 -50 -84
-16 -84 59 0 66 13 89 50 89 19 0 33 -7 40 -19z"/>
<path d="M15773 1133 c-28 -5 -30 -23 -3 -23 19 0 20 -7 20 -145 0 -138 -1
-145 -20 -145 -11 0 -20 -4 -20 -10 0 -6 27 -10 60 -10 58 0 80 12 40 23 -19
5 -20 14 -20 161 0 170 4 161 -57 149z"/>
<path d="M16053 1133 c-28 -5 -30 -23 -3 -23 19 0 20 -7 20 -145 0 -138 -1
-145 -20 -145 -11 0 -20 -4 -20 -10 0 -6 27 -10 60 -10 58 0 80 12 40 23 -19
5 -20 14 -20 161 0 170 4 161 -57 149z"/>
<path d="M17313 1133 c-28 -5 -30 -23 -3 -23 18 0 20 -7 20 -54 l0 -54 -28 10
c-62 24 -110 -15 -119 -95 -7 -56 15 -100 58 -117 28 -12 36 -11 60 3 16 9 29
12 29 7 0 -6 18 -10 40 -10 22 0 40 5 40 10 0 6 -7 10 -15 10 -13 0 -15 24
-15 160 0 178 5 167 -67 153z m7 -162 c15 -29 12 -104 -6 -129 -35 -50 -84
-16 -84 59 0 66 13 89 50 89 19 0 33 -7 40 -19z"/>
<path d="M6590 1121 c0 -5 10 -11 23 -13 21 -3 22 -7 25 -136 l3 -132 -26 -12
c-42 -19 -29 -28 40 -28 68 0 82 9 40 28 -25 11 -25 13 -24 134 l0 123 50
-133 c27 -74 49 -138 49 -143 0 -5 6 -9 13 -9 7 0 33 61 62 148 l50 147 3
-124 c1 -69 0 -131 -2 -138 -3 -7 -15 -13 -26 -13 -11 0 -20 -4 -20 -10 0 -6
32 -10 75 -10 41 0 75 4 75 9 0 5 -10 11 -22 13 -23 3 -23 5 -23 143 0 138 0
140 23 143 46 7 20 22 -37 22 l-60 0 -38 -115 c-20 -63 -40 -115 -44 -115 -3
0 -24 51 -46 113 l-40 112 -61 3 c-36 2 -62 -1 -62 -7z"/>
<path d="M7557 1123 c-11 -10 -8 -41 4 -49 6 -3 18 1 27 9 13 13 13 19 2 31
-14 17 -23 20 -33 9z"/>
<path d="M9487 1123 c-11 -10 -8 -41 4 -49 6 -3 18 1 27 9 13 13 13 19 2 31
-14 17 -23 20 -33 9z"/>
<path d="M10850 1120 c0 -5 11 -10 25 -10 l25 0 0 -145 0 -145 -25 0 c-14 0
-25 -4 -25 -10 0 -6 53 -10 140 -10 l140 0 0 55 c0 30 0 57 0 60 0 3 -3 5 -7
5 -5 0 -11 -13 -15 -28 -12 -45 -42 -66 -96 -66 l-47 -1 0 140 c0 138 0 140
23 143 12 2 22 8 22 13 0 5 -36 9 -80 9 -47 0 -80 -4 -80 -10z"/>
<path d="M11197 1123 c-11 -10 -8 -41 4 -49 6 -3 18 1 27 9 13 13 13 19 2 31
-14 17 -23 20 -33 9z"/>
<path d="M11670 1121 c0 -5 10 -11 23 -13 22 -3 22 -5 22 -143 0 -138 0 -140
-22 -143 -13 -2 -23 -8 -23 -13 0 -5 36 -9 80 -9 44 0 80 4 80 9 0 5 -12 11
-27 13 -27 3 -28 6 -31 66 l-3 62 64 0 c49 0 70 5 90 20 53 42 39 127 -24 149
-39 13 -229 15 -229 2z m210 -31 c24 -24 26 -67 4 -98 -12 -18 -25 -22 -65
-22 l-49 0 0 63 c0 35 3 67 7 70 15 15 83 7 103 -13z"/>
<path d="M15937 1123 c-11 -10 -8 -41 4 -49 6 -3 18 1 27 9 13 13 13 19 2 31
-14 17 -23 20 -33 9z"/>
<path d="M12910 1107 c-35 -18 -55 -63 -41 -93 6 -14 19 -24 31 -24 27 0 38
29 17 45 -36 26 -8 65 47 65 34 0 60 -39 51 -79 -3 -16 -43 -71 -87 -122 l-82
-94 104 -3 c115 -3 120 -1 120 61 0 45 -11 48 -27 7 -11 -29 -13 -30 -75 -30
l-63 1 78 72 c63 58 79 79 84 109 11 74 -81 124 -157 85z"/>
<path d="M13300 1107 c-35 -18 -55 -63 -41 -93 6 -14 19 -24 31 -24 27 0 38
29 17 45 -36 26 -8 65 47 65 34 0 60 -39 51 -79 -3 -16 -43 -71 -87 -122 l-82
-94 104 -3 c115 -3 120 -1 120 61 0 45 -11 48 -27 7 -11 -29 -13 -30 -75 -30
l-63 1 78 72 c63 58 79 79 84 109 11 74 -81 124 -157 85z"/>
<path d="M13568 1010 c-43 -60 -78 -113 -78 -119 0 -7 26 -11 66 -11 l65 0 -3
-27 c-2 -20 -9 -29 -25 -31 -51 -7 -19 -22 47 -22 40 0 70 4 70 10 0 6 -9 10
-20 10 -16 0 -20 7 -20 30 0 25 4 30 25 30 16 0 25 6 25 15 0 9 -9 15 -25 15
l-25 0 0 105 c0 77 -3 105 -12 105 -7 0 -48 -50 -90 -110z m49 -97 c-3 -2 -24
-3 -46 -1 l-42 3 43 61 43 62 3 -60 c2 -33 1 -62 -1 -65z"/>
<path d="M13958 1010 c-43 -60 -78 -113 -78 -119 0 -7 26 -11 66 -11 l65 0 -3
-27 c-2 -20 -9 -29 -25 -31 -51 -7 -19 -22 47 -22 40 0 70 4 70 10 0 6 -9 10
-20 10 -16 0 -20 7 -20 30 0 25 4 30 25 30 16 0 25 6 25 15 0 9 -9 15 -25 15
l-25 0 0 105 c0 77 -3 105 -12 105 -7 0 -48 -50 -90 -110z m49 -97 c-3 -2 -24
-3 -46 -1 l-42 3 43 61 43 62 3 -60 c2 -33 1 -62 -1 -65z"/>
<path d="M8680 1020 c-8 -5 -37 -7 -65 -4 -42 5 -55 2 -77 -16 -31 -24 -39
-79 -14 -99 13 -11 12 -15 -5 -32 -23 -23 -24 -42 -4 -59 14 -11 13 -14 -5
-27 -48 -34 -4 -73 81 -73 69 0 109 26 109 70 0 39 -17 49 -99 56 -84 8 -91
26 -14 34 71 7 97 32 90 87 -2 24 -1 43 4 43 5 0 9 -4 9 -10 0 -13 27 -13 35
0 7 11 -11 40 -24 40 -3 0 -13 -5 -21 -10z m-52 -32 c7 -7 12 -26 12 -43 0
-36 -15 -55 -45 -55 -41 0 -59 46 -35 91 12 21 50 25 68 7z m39 -214 c10 -25
-24 -44 -79 -44 -50 0 -66 14 -54 45 8 23 124 21 133 -1z"/>
<path d="M10050 1020 c-8 -5 -37 -7 -65 -4 -42 5 -55 2 -77 -16 -31 -24 -39
-79 -14 -99 13 -11 12 -15 -5 -32 -23 -23 -24 -42 -4 -59 14 -11 13 -14 -5
-27 -48 -34 -4 -73 81 -73 69 0 109 26 109 70 0 39 -17 49 -99 56 -84 8 -91
26 -14 34 71 7 97 32 90 87 -2 24 -1 43 4 43 5 0 9 -4 9 -10 0 -13 27 -13 35
0 7 11 -11 40 -24 40 -3 0 -13 -5 -21 -10z m-52 -32 c7 -7 12 -26 12 -43 0
-36 -15 -55 -45 -55 -41 0 -59 46 -35 91 12 21 50 25 68 7z m39 -214 c10 -25
-24 -44 -79 -44 -50 0 -66 14 -54 45 8 23 124 21 133 -1z"/>
<path d="M18180 1020 c-8 -5 -37 -7 -65 -4 -42 5 -55 2 -77 -16 -31 -24 -39
-79 -14 -99 13 -11 12 -15 -5 -32 -23 -23 -24 -42 -4 -59 14 -11 13 -14 -5
-27 -48 -34 -4 -73 81 -73 69 0 109 26 109 70 0 39 -17 49 -99 56 -84 8 -91
26 -14 34 71 7 97 32 90 87 -2 24 -1 43 4 43 5 0 9 -4 9 -10 0 -13 27 -13 35
0 7 11 -11 40 -24 40 -3 0 -13 -5 -21 -10z m-52 -32 c7 -7 12 -26 12 -43 0
-36 -15 -55 -45 -55 -41 0 -59 46 -35 91 12 21 50 25 68 7z m39 -214 c10 -25
-24 -44 -79 -44 -50 0 -66 14 -54 45 8 23 124 21 133 -1z"/>
<path d="M7342 1004 c-46 -32 -17 -114 40 -114 30 0 68 -23 68 -41 0 -10 -10
-23 -21 -30 -27 -14 -61 0 -85 36 -23 36 -34 31 -34 -15 0 -36 2 -39 28 -38
15 0 41 -2 57 -6 43 -11 85 23 85 69 0 40 -11 50 -72 65 -57 15 -76 33 -58 55
7 8 23 15 36 15 24 0 64 -31 64 -50 0 -5 5 -10 10 -10 6 0 10 18 10 40 0 38
-12 52 -25 30 -4 -7 -12 -7 -25 0 -27 14 -52 12 -78 -6z"/>
<path d="M7713 1010 c-52 -21 -74 -121 -39 -175 34 -51 112 -56 143 -9 21 32
8 44 -17 16 -45 -48 -94 -11 -93 69 1 55 22 89 56 89 15 0 18 -5 13 -24 -8
-31 17 -54 39 -36 51 42 -31 98 -102 70z"/>
<path d="M8049 1005 c-46 -25 -66 -114 -38 -166 14 -28 74 -52 109 -44 30 7
78 51 67 62 -4 3 -17 -3 -30 -15 -42 -40 -107 -18 -107 36 0 21 5 22 71 22
l72 0 -6 38 c-11 69 -77 100 -138 67z m79 -17 c7 -7 12 -25 12 -40 0 -27 -2
-28 -45 -28 -40 0 -45 3 -45 22 0 44 50 74 78 46z"/>
<path d="M8316 999 c-21 -17 -26 -18 -26 -5 0 12 -10 16 -40 16 -42 0 -54 -14
-20 -23 18 -5 20 -14 20 -86 0 -74 -2 -81 -20 -81 -11 0 -20 -4 -20 -10 0 -6
27 -10 60 -10 33 0 60 4 60 10 0 6 -9 10 -20 10 -18 0 -20 7 -20 54 0 71 13
104 45 112 43 11 55 -10 55 -92 0 -58 -3 -74 -14 -74 -8 0 -18 -4 -21 -10 -4
-6 17 -10 54 -10 34 0 61 4 61 10 0 6 -6 10 -14 10 -10 0 -15 21 -18 82 -4 69
-8 84 -28 100 -29 24 -61 23 -94 -3z"/>
<path d="M8845 996 c-23 -23 -25 -23 -25 -6 0 17 -7 20 -40 20 -42 0 -54 -14
-20 -23 18 -5 20 -14 20 -86 0 -74 -2 -81 -20 -81 -11 0 -20 -4 -20 -10 0 -6
27 -10 60 -10 33 0 60 4 60 10 0 6 -9 10 -20 10 -16 0 -20 7 -20 38 0 53 17
106 40 127 19 18 20 17 20 -3 0 -29 19 -38 38 -18 13 13 14 20 6 34 -17 27
-51 26 -79 -2z"/>
<path d="M8983 996 c-23 -20 -26 -28 -17 -43 17 -28 39 -22 39 10 -1 52 77 48
83 -4 3 -22 -3 -26 -45 -37 -56 -15 -93 -46 -93 -78 0 -43 60 -65 111 -40 23
12 36 13 45 5 7 -6 25 -9 40 -7 33 4 45 28 15 28 -19 0 -21 6 -21 70 0 62 -3
74 -25 95 -33 34 -93 34 -132 1z m107 -115 c0 -38 -25 -63 -59 -59 -20 2 -27
9 -29 31 -3 23 2 30 30 42 48 21 58 19 58 -14z"/>
<path d="M9686 999 c-21 -17 -26 -18 -26 -5 0 12 -10 16 -40 16 -42 0 -54 -14
-20 -23 18 -5 20 -14 20 -86 0 -74 -2 -81 -20 -81 -11 0 -20 -4 -20 -10 0 -6
27 -10 60 -10 33 0 60 4 60 10 0 6 -9 10 -20 10 -18 0 -20 7 -20 54 0 71 13
104 45 112 43 11 55 -10 55 -92 0 -58 -3 -74 -14 -74 -8 0 -18 -4 -21 -10 -4
-6 17 -10 54 -10 34 0 61 4 61 10 0 6 -6 10 -14 10 -10 0 -15 21 -18 82 -4 69
-8 84 -28 100 -29 24 -61 23 -94 -3z"/>
<path d="M12025 1010 c-98 -39 -64 -214 42 -214 72 0 116 92 81 169 -20 44
-76 65 -123 45z m69 -26 c23 -22 22 -131 -1 -156 -20 -23 -36 -23 -55 0 -21
24 -28 71 -18 117 12 54 43 70 74 39z"/>
<path d="M12296 999 c-21 -17 -26 -18 -26 -5 0 12 -10 16 -40 16 -42 0 -54
-14 -20 -23 18 -5 20 -14 20 -86 0 -74 -2 -81 -20 -81 -11 0 -20 -4 -20 -10 0
-6 27 -10 60 -10 33 0 60 4 60 10 0 6 -9 10 -20 10 -18 0 -20 7 -20 54 0 71
13 104 45 112 43 11 55 -10 55 -92 0 -58 -3 -74 -14 -74 -8 0 -18 -4 -21 -10
-4 -6 17 -10 54 -10 34 0 61 4 61 10 0 6 -6 10 -14 10 -10 0 -15 21 -18 82 -4
69 -8 84 -28 100 -29 24 -61 23 -94 -3z"/>
<path d="M16512 1004 c-12 -8 -22 -10 -22 -5 0 6 -18 11 -40 11 -42 0 -54 -14
-20 -23 19 -5 20 -14 20 -131 0 -103 -3 -126 -14 -126 -8 0 -18 -4 -21 -10 -4
-6 17 -10 54 -10 34 0 61 4 61 10 0 6 -9 10 -20 10 -17 0 -20 7 -20 45 l0 45
25 -16 c96 -63 180 123 88 196 -31 24 -61 26 -91 4z m68 -29 c16 -19 16 -105
0 -134 -16 -30 -60 -25 -78 9 -15 29 -10 103 8 125 16 19 54 19 70 0z"/>
<path d="M16735 1010 c-98 -39 -64 -214 42 -214 72 0 116 92 81 169 -20 44
-76 65 -123 45z m69 -26 c23 -22 22 -131 -1 -156 -20 -23 -36 -23 -55 0 -21
24 -28 71 -18 117 12 54 43 70 74 39z"/>
<path d="M16996 999 c-21 -17 -26 -18 -26 -5 0 12 -10 16 -40 16 -42 0 -54
-14 -20 -23 18 -5 20 -14 20 -86 0 -74 -2 -81 -20 -81 -11 0 -20 -4 -20 -10 0
-6 27 -10 60 -10 33 0 60 4 60 10 0 6 -9 10 -20 10 -18 0 -20 7 -20 54 0 71
13 104 45 112 43 11 55 -10 55 -92 0 -58 -3 -74 -14 -74 -8 0 -18 -4 -21 -10
-4 -6 17 -10 54 -10 34 0 61 4 61 10 0 6 -6 10 -14 10 -10 0 -15 21 -18 82 -4
69 -8 84 -28 100 -29 24 -61 23 -94 -3z"/>
<path d="M17625 1010 c-98 -39 -64 -214 42 -214 72 0 116 92 81 169 -20 44
-76 65 -123 45z m69 -26 c23 -22 22 -131 -1 -156 -20 -23 -36 -23 -55 0 -21
24 -28 71 -18 117 12 54 43 70 74 39z"/>
<path d="M17895 996 c-23 -23 -25 -23 -25 -6 0 17 -7 20 -40 20 -42 0 -54 -14
-20 -23 18 -5 20 -14 20 -86 0 -74 -2 -81 -20 -81 -11 0 -20 -4 -20 -10 0 -6
27 -10 60 -10 33 0 60 4 60 10 0 6 -9 10 -20 10 -16 0 -20 7 -20 38 0 53 17
106 40 127 19 18 20 17 20 -3 0 -29 19 -38 38 -18 13 13 14 20 6 34 -17 27
-51 26 -79 -2z"/>
<path d="M7020 1001 c0 -5 9 -11 20 -14 18 -5 20 -14 20 -85 0 -85 5 -95 53
-107 21 -6 36 -2 58 14 23 17 29 19 29 6 0 -11 11 -15 40 -15 42 0 54 14 20
23 -18 5 -20 14 -20 96 l0 91 -39 0 c-44 0 -65 -17 -29 -22 19 -2 24 -10 26
-43 5 -61 -14 -114 -44 -121 -43 -11 -54 10 -54 102 l0 84 -40 0 c-22 0 -40
-4 -40 -9z"/>
<path d="M7510 1000 c0 -5 9 -10 20 -10 18 0 20 -7 20 -85 0 -67 -3 -85 -14
-85 -8 0 -18 -4 -21 -10 -4 -6 17 -10 54 -10 34 0 61 4 61 10 0 6 -7 10 -15
10 -12 0 -15 17 -15 95 l0 95 -45 0 c-25 0 -45 -4 -45 -10z"/>
<path d="M9186 996 c10 -8 37 -56 59 -106 22 -51 44 -93 49 -94 6 0 25 37 44
84 18 47 43 95 55 108 l20 22 -49 0 c-45 -1 -47 -2 -30 -15 18 -14 18 -16 -5
-76 l-23 -63 -28 64 c-27 60 -28 65 -12 77 15 11 9 13 -41 13 -53 0 -57 -1
-39 -14z"/>
<path d="M9440 1000 c0 -5 9 -10 20 -10 18 0 20 -7 20 -85 0 -67 -3 -85 -14
-85 -8 0 -18 -4 -21 -10 -4 -6 17 -10 54 -10 34 0 61 4 61 10 0 6 -7 10 -15
10 -12 0 -15 17 -15 95 l0 95 -45 0 c-25 0 -45 -4 -45 -10z"/>
<path d="M10479 993 c11 -10 38 -57 60 -105 l40 -87 -22 -32 c-27 -40 -43 -46
-50 -19 -6 25 -40 24 -44 0 -8 -44 52 -57 92 -20 13 12 43 70 66 129 23 58 51
116 62 129 l20 22 -49 0 c-38 -1 -45 -3 -31 -11 22 -13 21 -33 -6 -92 l-22
-48 -24 61 c-24 61 -24 63 -6 76 17 12 12 14 -44 14 -61 0 -63 0 -42 -17z"/>
<path d="M11150 1000 c0 -5 9 -10 20 -10 18 0 20 -7 20 -85 0 -67 -3 -85 -14
-85 -8 0 -18 -4 -21 -10 -4 -6 17 -10 54 -10 34 0 61 4 61 10 0 6 -7 10 -15
10 -12 0 -15 17 -15 95 l0 95 -45 0 c-25 0 -45 -4 -45 -10z"/>
<path d="M11429 993 c11 -10 38 -57 60 -105 l40 -87 -22 -32 c-27 -40 -43 -46
-50 -19 -6 25 -40 24 -44 0 -8 -44 52 -57 92 -20 13 12 43 70 66 129 23 58 51
116 62 129 l20 22 -49 0 c-38 -1 -45 -3 -31 -11 22 -13 21 -33 -6 -92 l-22
-48 -24 61 c-24 61 -24 63 -6 76 17 12 12 14 -44 14 -61 0 -63 0 -42 -17z"/>
<path d="M14593 993 c8 -10 31 -58 50 -108 19 -49 38 -89 43 -88 5 0 21 32 35
70 l26 68 15 -35 c8 -19 20 -52 27 -72 7 -21 16 -38 20 -38 5 0 25 43 45 96
20 54 44 103 54 110 15 12 11 13 -32 14 -45 0 -48 -1 -31 -14 19 -13 19 -15 0
-70 -11 -31 -22 -56 -25 -56 -3 0 -16 27 -28 60 -20 55 -20 60 -4 69 13 8 4
10 -35 11 -52 0 -53 0 -34 -19 19 -19 19 -21 2 -65 -9 -25 -19 -48 -22 -51 -4
-3 -16 20 -28 52 -21 54 -21 58 -5 70 15 11 10 13 -36 13 -50 0 -52 -1 -37
-17z"/>
<path d="M14953 993 c8 -10 31 -58 50 -108 19 -49 38 -89 43 -88 5 0 21 32 35
70 l26 68 15 -35 c8 -19 20 -52 27 -72 7 -21 16 -38 20 -38 5 0 25 43 45 96
20 54 44 103 54 110 15 12 11 13 -32 14 -45 0 -48 -1 -31 -14 19 -13 19 -15 0
-70 -11 -31 -22 -56 -25 -56 -3 0 -16 27 -28 60 -20 55 -20 60 -4 69 13 8 4
10 -35 11 -52 0 -53 0 -34 -19 19 -19 19 -21 2 -65 -9 -25 -19 -48 -22 -51 -4
-3 -16 20 -28 52 -21 54 -21 58 -5 70 15 11 10 13 -36 13 -50 0 -52 -1 -37
-17z"/>
<path d="M15303 993 c8 -10 31 -58 50 -108 19 -49 38 -89 43 -88 5 0 21 32 35
70 l26 68 15 -35 c8 -19 20 -52 27 -72 7 -21 16 -38 20 -38 5 0 25 43 45 96
20 54 44 103 54 110 15 12 11 13 -32 14 -45 0 -48 -1 -31 -14 19 -13 19 -15 0
-70 -11 -31 -22 -56 -25 -56 -3 0 -16 27 -28 60 -20 55 -20 60 -4 69 13 8 4
10 -35 11 -52 0 -53 0 -34 -19 19 -19 19 -21 2 -65 -9 -25 -19 -48 -22 -51 -4
-3 -16 20 -28 52 -21 54 -21 58 -5 70 15 11 10 13 -36 13 -50 0 -52 -1 -37
-17z"/>
<path d="M15890 1000 c0 -5 9 -10 20 -10 18 0 20 -7 20 -85 0 -67 -3 -85 -14
-85 -8 0 -18 -4 -21 -10 -4 -6 17 -10 54 -10 34 0 61 4 61 10 0 6 -7 10 -15
10 -12 0 -15 17 -15 95 l0 95 -45 0 c-25 0 -45 -4 -45 -10z"/>
<path d="M16169 993 c11 -10 38 -57 60 -105 l40 -87 -22 -32 c-27 -40 -43 -46
-50 -19 -6 25 -40 24 -44 0 -8 -44 52 -57 92 -20 13 12 43 70 66 129 23 58 51
116 62 129 l20 22 -49 0 c-38 -1 -45 -3 -31 -11 22 -13 21 -33 -6 -92 l-22
-48 -24 61 c-24 61 -24 63 -6 76 17 12 12 14 -44 14 -61 0 -63 0 -42 -17z"/>
<path d="M14120 905 c0 -13 29 -15 227 -13 170 2 227 6 231 16 3 9 -47 12
-227 12 -200 0 -231 -2 -231 -15z"/>
<path d="M13136 834 c-4 -10 -1 -24 7 -31 19 -19 49 -5 45 21 -4 27 -43 34
-52 10z"/>
<path d="M13776 834 c-4 -10 -1 -24 7 -31 19 -19 49 -5 45 21 -4 27 -43 34
-52 10z"/>
<path d="M15646 834 c-4 -10 -1 -24 7 -31 19 -19 49 -5 45 21 -4 27 -43 34
-52 10z"/>
<path d="M17456 834 c-4 -10 -1 -24 7 -31 19 -19 49 -5 45 21 -4 27 -43 34
-52 10z"/>
</g>
</svg>
